Configuration Parameters:
[Simulation]
initial_time: 2025-01-01 09:00:00
sim_duration: 25
random_seed: 42
maint_strategy: phm_case2
predict_rul: (2037, 1)
random_failure: false

[Aircraft]
num_aircraft: 23
age_range: 0
avg_tat_hrs: 24

[Engine]
llp_life_init: 7000
egtm_init: 40
egti: 3.5
mtbf_yrs: 8

[Other]
mro_base: TEB
ac_overwrite_uid: -1
ac_overwrite_fhr: 3


Global Parameters:
Number of needed spares: 9
Number of Aircraft on Ground (AOG) events: 0
Total number of engine shop visits: 23
Fleet average FC/year: 8063.96
Fleet average FH/FC: 3.15

Per-Aircraft Summary:
Aircraft ID    ASK            Shop Visits    Avg FC/Year    Avg FH/FC      
0              17770338.0     1              330.93         2.51           
1              18932346.0     1              329.36         2.69           
2              25289617.0     1              314.39         3.76           
3              15746626.0     1              333.95         2.20           
4              18898411.0     1              328.82         2.69           
5              26367915.0     1              312.71         3.94           
6              19169477.0     1              327.91         2.73           
7              26414979.0     1              313.58         3.94           
8              19145646.0     1              327.75         2.73           
9              26225411.0     1              313.29         3.91           
10             25301290.0     1              316.13         3.74           
11             24788113.0     1              316.35         3.66           
12             19270269.0     1              327.67         2.75           
13             26509991.0     1              313.58         3.95           
14             19301007.0     1              327.63         2.75           
15             19061436.0     1              327.83         2.72           
16             18886867.0     1              328.22         2.69           
17             19070712.0     1              328.06         2.72           
18             26162465.0     1              313.55         3.90           
19             25676672.0     1              314.63         3.81           
20             26258747.0     1              314.13         3.91           
21             17477267.0     1              331.42         2.46           
22             18932560.0     1              327.48         2.70           

Per-Engine Summary:
Engine ID      Lost LLP life  Lost EGTM °C   
1              1209.0         5.445000000001305
14             1307.0         5.935000000001295
1006           0              0              
8              1270.0         5.7500000000012985
17             1440.0         6.60000000000128
1009           0              0              
15             1469.0         6.745000000001277
10             1119.0         4.995000000001315
12             1324.0         6.020000000001293
1007           0              0              
3              1119.0         4.995000000001315
0              1119.0         4.995000000001315
4              1371.0         6.255000000001288
1005           0              0              
16             1354.0         6.17000000000129
1001           0              0              
6              1406.0         6.430000000001284
1002           0              0              
1008           0              0              
1004           0              0              
21             1119.0         4.995000000001315
22             1242.0         5.6100000000013015
1003           0              0              
11             1119.0         4.995000000001315
19             1119.0         4.995000000001315
7              1119.0         4.995000000001315
9              1119.0         4.995000000001315
20             1119.0         4.995000000001315
2              1119.0         4.995000000001315
5              1119.0         4.995000000001315
13             1119.0         4.995000000001315
18             1119.0         4.995000000001315